Decade	Year	Jan	Feb	Mar	Apr	May	Jun	Jul	Aug	Sep	Oct	Nov	Dec
2021-2030	2021	0.88	0.43	0.35	0.26	0.72	0.9	0.77	1.07	1.07	0.78	0.71	0.82
2021-2030	2022	0.88	0.43	0.35	0.26	0.72	0.9	0.77	1.07	1.07	0.78	0.71	0.82
2021-2030	2023	0.88	0.43	0.35	0.26	0.72	0.9	0.77	1.07	1.07	0.78	0.71	0.82
2021-2030	2024	0.88	0.43	0.35	0.26	0.72	0.9	0.77	1.07	1.07	0.78	0.71	0.82
2021-2030	2025	0.88	0.43	0.35	0.26	0.72	0.9	0.77	1.07	1.07	0.78	0.71	0.82
2021-2030	2026	0.88	0.43	0.35	0.26	0.72	0.9	0.77	1.07	1.07	0.78	0.71	0.82
2021-2030	2027	0.88	0.43	0.35	0.26	0.72	0.9	0.77	1.07	1.07	0.78	0.71	0.82
2021-2030	2028	0.88	0.43	0.35	0.26	0.72	0.9	0.77	1.07	1.07	0.78	0.71	0.82
2021-2030	2029	0.88	0.43	0.35	0.26	0.72	0.9	0.77	1.07	1.07	0.78	0.71	0.82
2021-2030	2030	0.88	0.43	0.35	0.26	0.72	0.9	0.77	1.07	1.07	0.78	0.71	0.82
2031-2040	2031	0.73	0.79	0.5	0.66	0.78	1.1	1.45	1.42	1.38	1.14	0.93	0.95
2031-2040	2032	0.73	0.79	0.5	0.66	0.78	1.1	1.45	1.42	1.38	1.14	0.93	0.95
2031-2040	2033	0.73	0.79	0.5	0.66	0.78	1.1	1.45	1.42	1.38	1.14	0.93	0.95
2031-2040	2034	0.73	0.79	0.5	0.66	0.78	1.1	1.45	1.42	1.38	1.14	0.93	0.95
2031-2040	2035	0.73	0.79	0.5	0.66	0.78	1.1	1.45	1.42	1.38	1.14	0.93	0.95
2031-2040	2036	0.73	0.79	0.5	0.66	0.78	1.1	1.45	1.42	1.38	1.14	0.93	0.95
2031-2040	2037	0.73	0.79	0.5	0.66	0.78	1.1	1.45	1.42	1.38	1.14	0.93	0.95
2031-2040	2038	0.73	0.79	0.5	0.66	0.78	1.1	1.45	1.42	1.38	1.14	0.93	0.95
2031-2040	2039	0.73	0.79	0.5	0.66	0.78	1.1	1.45	1.42	1.38	1.14	0.93	0.95
2031-2040	2040	0.73	0.79	0.5	0.66	0.78	1.1	1.45	1.42	1.38	1.14	0.93	0.95
2041-2050	2041	1.17	1.19	0.69	1.07	1.04	1.42	1.62	1.94	1.76	1.13	0.89	0.81
2041-2050	2042	1.17	1.19	0.69	1.07	1.04	1.42	1.62	1.94	1.76	1.13	0.89	0.81
2041-2050	2043	1.17	1.19	0.69	1.07	1.04	1.42	1.62	1.94	1.76	1.13	0.89	0.81
2041-2050	2044	1.17	1.19	0.69	1.07	1.04	1.42	1.62	1.94	1.76	1.13	0.89	0.81
2041-2050	2045	1.17	1.19	0.69	1.07	1.04	1.42	1.62	1.94	1.76	1.13	0.89	0.81
2041-2050	2046	1.17	1.19	0.69	1.07	1.04	1.42	1.62	1.94	1.76	1.13	0.89	0.81
2041-2050	2047	1.17	1.19	0.69	1.07	1.04	1.42	1.62	1.94	1.76	1.13	0.89	0.81
2041-2050	2048	1.17	1.19	0.69	1.07	1.04	1.42	1.62	1.94	1.76	1.13	0.89	0.81
2041-2050	2049	1.17	1.19	0.69	1.07	1.04	1.42	1.62	1.94	1.76	1.13	0.89	0.81
2041-2050	2050	1.17	1.19	0.69	1.07	1.04	1.42	1.62	1.94	1.76	1.13	0.89	0.81
2051-2060	2051	1.37	1.16	1.23	1.02	1.02	1.22	1.8	1.95	1.62	0.84	1.08	1.62
2051-2060	2052	1.37	1.16	1.23	1.02	1.02	1.22	1.8	1.95	1.62	0.84	1.08	1.62
2051-2060	2053	1.37	1.16	1.23	1.02	1.02	1.22	1.8	1.95	1.62	0.84	1.08	1.62
2051-2060	2054	1.37	1.16	1.23	1.02	1.02	1.22	1.8	1.95	1.62	0.84	1.08	1.62
2051-2060	2055	1.37	1.16	1.23	1.02	1.02	1.22	1.8	1.95	1.62	0.84	1.08	1.62
2051-2060	2056	1.37	1.16	1.23	1.02	1.02	1.22	1.8	1.95	1.62	0.84	1.08	1.62
2051-2060	2057	1.37	1.16	1.23	1.02	1.02	1.22	1.8	1.95	1.62	0.84	1.08	1.62
2051-2060	2058	1.37	1.16	1.23	1.02	1.02	1.22	1.8	1.95	1.62	0.84	1.08	1.62
2051-2060	2059	1.37	1.16	1.23	1.02	1.02	1.22	1.8	1.95	1.62	0.84	1.08	1.62
2051-2060	2060	1.37	1.16	1.23	1.02	1.02	1.22	1.8	1.95	1.62	0.84	1.08	1.62
2061-2070	2061	1.39	1.24	1.64	1.42	1.09	1.77	1.55	1.86	1.89	1.38	1.16	1.52
2061-2070	2062	1.39	1.24	1.64	1.42	1.09	1.77	1.55	1.86	1.89	1.38	1.16	1.52
2061-2070	2063	1.39	1.24	1.64	1.42	1.09	1.77	1.55	1.86	1.89	1.38	1.16	1.52
2061-2070	2064	1.39	1.24	1.64	1.42	1.09	1.77	1.55	1.86	1.89	1.38	1.16	1.52
2061-2070	2065	1.39	1.24	1.64	1.42	1.09	1.77	1.55	1.86	1.89	1.38	1.16	1.52
2061-2070	2066	1.39	1.24	1.64	1.42	1.09	1.77	1.55	1.86	1.89	1.38	1.16	1.52
2061-2070	2067	1.39	1.24	1.64	1.42	1.09	1.77	1.55	1.86	1.89	1.38	1.16	1.52
2061-2070	2068	1.39	1.24	1.64	1.42	1.09	1.77	1.55	1.86	1.89	1.38	1.16	1.52
2061-2070	2069	1.39	1.24	1.64	1.42	1.09	1.77	1.55	1.86	1.89	1.38	1.16	1.52
2061-2070	2070	1.39	1.24	1.64	1.42	1.09	1.77	1.55	1.86	1.89	1.38	1.16	1.52
2071-2080	2071	1.6	1.72	1.2	1.21	1	1.66	2	2	1.52	1.59	1.11	1.5
2071-2080	2072	1.6	1.72	1.2	1.21	1	1.66	2	2	1.52	1.59	1.11	1.5
2071-2080	2073	1.6	1.72	1.2	1.21	1	1.66	2	2	1.52	1.59	1.11	1.5
2071-2080	2074	1.6	1.72	1.2	1.21	1	1.66	2	2	1.52	1.59	1.11	1.5
2071-2080	2075	1.6	1.72	1.2	1.21	1	1.66	2	2	1.52	1.59	1.11	1.5
2071-2080	2076	1.6	1.72	1.2	1.21	1	1.66	2	2	1.52	1.59	1.11	1.5
2071-2080	2077	1.6	1.72	1.2	1.21	1	1.66	2	2	1.52	1.59	1.11	1.5
2071-2080	2078	1.6	1.72	1.2	1.21	1	1.66	2	2	1.52	1.59	1.11	1.5
2071-2080	2079	1.6	1.72	1.2	1.21	1	1.66	2	2	1.52	1.59	1.11	1.5
2071-2080	2080	1.6	1.72	1.2	1.21	1	1.66	2	2	1.52	1.59	1.11	1.5
2081-2090	2081	1.31	1.47	1.11	1.32	0.82	1.38	1.85	1.73	1.51	1.2	1.26	0.99
2081-2090	2082	1.31	1.47	1.11	1.32	0.82	1.38	1.85	1.73	1.51	1.2	1.26	0.99
2081-2090	2083	1.31	1.47	1.11	1.32	0.82	1.38	1.85	1.73	1.51	1.2	1.26	0.99
2081-2090	2084	1.31	1.47	1.11	1.32	0.82	1.38	1.85	1.73	1.51	1.2	1.26	0.99
2081-2090	2085	1.31	1.47	1.11	1.32	0.82	1.38	1.85	1.73	1.51	1.2	1.26	0.99
2081-2090	2086	1.31	1.47	1.11	1.32	0.82	1.38	1.85	1.73	1.51	1.2	1.26	0.99
2081-2090	2087	1.31	1.47	1.11	1.32	0.82	1.38	1.85	1.73	1.51	1.2	1.26	0.99
2081-2090	2088	1.31	1.47	1.11	1.32	0.82	1.38	1.85	1.73	1.51	1.2	1.26	0.99
2081-2090	2089	1.31	1.47	1.11	1.32	0.82	1.38	1.85	1.73	1.51	1.2	1.26	0.99
2081-2090	2090	1.31	1.47	1.11	1.32	0.82	1.38	1.85	1.73	1.51	1.2	1.26	0.99
2091-2100	2091	1.48	1.1	0.97	0.78	1.4	1.56	1.81	1.8	1.69	1.41	1.06	1.47
2091-2100	2092	1.48	1.1	0.97	0.78	1.4	1.56	1.81	1.8	1.69	1.41	1.06	1.47
2091-2100	2093	1.48	1.1	0.97	0.78	1.4	1.56	1.81	1.8	1.69	1.41	1.06	1.47
2091-2100	2094	1.48	1.1	0.97	0.78	1.4	1.56	1.81	1.8	1.69	1.41	1.06	1.47
2091-2100	2095	1.48	1.1	0.97	0.78	1.4	1.56	1.81	1.8	1.69	1.41	1.06	1.47
2091-2100	2096	1.48	1.1	0.97	0.78	1.4	1.56	1.81	1.8	1.69	1.41	1.06	1.47
2091-2100	2097	1.48	1.1	0.97	0.78	1.4	1.56	1.81	1.8	1.69	1.41	1.06	1.47
2091-2100	2098	1.48	1.1	0.97	0.78	1.4	1.56	1.81	1.8	1.69	1.41	1.06	1.47
2091-2100	2099	1.48	1.1	0.97	0.78	1.4	1.56	1.81	1.8	1.69	1.41	1.06	1.47
2091-2100	2100	1.48	1.1	0.97	0.78	1.4	1.56	1.81	1.8	1.69	1.41	1.06	1.47
